[LEFT_CAM_2K]
fx = 1400.47
fy = 1400.47
cx = 1136.81
cy = 675.941
k1 = -0.17458
k2 = 0.0270567


[RIGHT_CAM_2K]
fx = 1399.55
fy = 1399.55
cx = 1102.35
cy = 596.23
k1 = -0.174032
k2 = 0.0262919


[LEFT_CAM_FHD]
fx = 1400.47
fy = 1400.47
cx = 992.814
cy = 594.941
k1 = -0.17458
k2 = 0.0270567


[RIGHT_CAM_FHD]
fx = 1399.55
fy = 1399.55
cx = 958.345
cy = 515.23
k1 = -0.174032
k2 = 0.0262919


[LEFT_CAM_HD]
fx = 700.236
fy = 700.236
cx = 654.907
cy = 385.971
k1 = -0.17458
k2 = 0.0270567


[RIGHT_CAM_HD]
fx = 699.776
fy = 699.776
cx = 637.673
cy = 346.115
k1 = -0.174032
k2 = 0.0262919


[LEFT_CAM_VGA]
fx = 350.118
fy = 350.118
cx = 342.953
cy = 200.485
k1 = -0.17458
k2 = 0.0270567


[RIGHT_CAM_VGA]
fx = 349.888
fy = 349.888
cx = 334.336
cy = 180.558
k1 = -0.174032
k2 = 0.0262919


[STEREO]
Baseline = 63
CV_2K = 0.00497617
CV_FHD = 0.00497617
CV_HD = 0.00497617
CV_VGA = 0.00497617
RX_2K = 0.00189088
RX_FHD = 0.00189088
RX_HD = 0.00189088
RX_VGA = 0.00189088
RZ_2K = -0.0000932084
RZ_FHD = -0.0000932084
RZ_HD = -0.0000932084
RZ_VGA = -0.0000932084
