[LEFT_CAM_2K]
cx=1063.1
cy=590.815
fx=1399.77
fy=1399.77
k1=-0.173494
k2=0.0266308

[LEFT_CAM_FHD]
cx=919.103
cy=509.815
fx=1399.77
fy=1399.77
k1=-0.173494
k2=0.0266308

[LEFT_CAM_HD]
cx=618.052
cy=343.408
fx=699.885
fy=699.885
k1=-0.173494
k2=0.0266308

[LEFT_CAM_VGA]
cx=324.026
cy=178.704
fx=349.942
fy=349.942
k1=-0.173494
k2=0.0266308

[RIGHT_CAM_2K]
cx=1149.49
cy=572.47
fx=1399.57
fy=1399.57
k1=-0.173482
k2=0.0267323

[RIGHT_CAM_FHD]
cx=1005.49
cy=491.47
fx=1399.57
fy=1399.57
k1=-0.173482
k2=0.0267323

[RIGHT_CAM_HD]
cx=661.244
cy=334.235
fx=699.783
fy=699.783
k1=-0.173482
k2=0.0267323

[RIGHT_CAM_VGA]
cx=345.622
cy=174.117
fx=349.891
fy=349.891
k1=-0.173482
k2=0.0267323

[STEREO]
BaseLine=120.173
CV_2K=0.00709154
CV_FHD=0.00709154
CV_HD=0.00709154
CV_VGA=0.00709154
RX_2K=-0.00609788
RX_FHD=-0.00609788
RX_HD=-0.00609788
RX_VGA=-0.00609788
RZ_2K=-0.000720724
RZ_FHD=-0.000720724
RZ_HD=-0.000720724
RZ_VGA=-0.000720724
