[LEFT_CAM_2K]
cx=1071.58
cy=594.781
fx=1399.69
fy=1399.69
k1=-0.172426
k2=0.0266523

[LEFT_CAM_FHD]
cx=927.579
cy=513.781
fx=1399.69
fy=1399.69
k1=-0.172426
k2=0.0266523

[LEFT_CAM_HD]
cx=622.29
cy=345.391
fx=699.847
fy=699.847
k1=-0.172426
k2=0.0266523

[LEFT_CAM_VGA]
cx=326.145
cy=179.695
fx=349.924
fy=349.924
k1=-0.172426
k2=0.0266523

[RIGHT_CAM_2K]
cx=1201.1
cy=636.695
fx=1399.56
fy=1399.56
k1=-0.170044
k2=0.0254162

[RIGHT_CAM_FHD]
cx=1057.1
cy=555.695
fx=1399.56
fy=1399.56
k1=-0.170044
k2=0.0254162

[RIGHT_CAM_HD]
cx=687.052
cy=366.347
fx=699.778
fy=699.778
k1=-0.170044
k2=0.0254162

[RIGHT_CAM_VGA]
cx=358.526
cy=190.174
fx=349.889
fy=349.889
k1=-0.170044
k2=0.0254162

[STEREO]
BaseLine=120.259
CV_2K=-4.94154e-05
CV_FHD=-4.94154e-05
CV_HD=-4.94154e-05
CV_VGA=-4.94154e-05
RX_2K=0.00093743
RX_FHD=0.00093743
RX_HD=0.00093743
RX_VGA=0.00093743
RZ_2K=0.000407943
RZ_FHD=0.000407943
RZ_HD=0.000407943
RZ_VGA=0.000407943
