[LEFT_CAM_2K]
cx=1066.72
cy=591.345
fx=1400.13
fy=1400.13
k1=-0.174485
k2=0.0269742

[LEFT_CAM_FHD]
cx=922.723
cy=510.345
fx=1400.13
fy=1400.13
k1=-0.174485
k2=0.0269742

[LEFT_CAM_HD]
cx=619.861
cy=343.673
fx=700.066
fy=700.066
k1=-0.174485
k2=0.0269742

[LEFT_CAM_VGA]
cx=324.931
cy=178.836
fx=350.033
fy=350.033
k1=-0.174485
k2=0.0269742

[RIGHT_CAM_2K]
cx=1197.55
cy=639.414
fx=1399.57
fy=1399.57
k1=-0.172923
k2=0.0262945

[RIGHT_CAM_FHD]
cx=1053.55
cy=558.414
fx=1399.57
fy=1399.57
k1=-0.172923
k2=0.0262945

[RIGHT_CAM_HD]
cx=685.276
cy=367.707
fx=699.786
fy=699.786
k1=-0.172923
k2=0.0262945

[RIGHT_CAM_VGA]
cx=357.638
cy=190.853
fx=349.893
fy=349.893
k1=-0.172923
k2=0.0262945

[STEREO]
BaseLine=120.262
CV_2K=-0.00237317
CV_FHD=-0.00237317
CV_HD=-0.00237317
CV_VGA=-0.00237317
RX_2K=0.00458925
RX_FHD=0.00458925
RX_HD=0.00458925
RX_VGA=0.00458925
RZ_2K=0.000586162
RZ_FHD=0.000586162
RZ_HD=0.000586162
RZ_VGA=0.000586162
