[LEFT_CAM_2K]
cx=1054.45
cy=599.321
fx=1398.48
fy=1398.48
k1=-0.171395
k2=0.0262928

[LEFT_CAM_FHD]
cx=910.447
cy=518.321
fx=1398.48
fy=1398.48
k1=-0.171395
k2=0.0262928

[LEFT_CAM_HD]
cx=613.723
cy=347.66
fx=699.24
fy=699.24
k1=-0.171395
k2=0.0262928

[LEFT_CAM_VGA]
cx=321.862
cy=180.83
fx=349.62
fy=349.62
k1=-0.171395
k2=0.0262928

[RIGHT_CAM_2K]
cx=1141.23
cy=573.384
fx=1394.51
fy=1394.51
k1=-0.172221
k2=0.0260471

[RIGHT_CAM_FHD]
cx=997.226
cy=492.384
fx=1394.51
fy=1394.51
k1=-0.172221
k2=0.0260471

[RIGHT_CAM_HD]
cx=657.113
cy=334.692
fx=697.257
fy=697.257
k1=-0.172221
k2=0.0260471

[RIGHT_CAM_VGA]
cx=343.556
cy=174.346
fx=348.629
fy=348.629
k1=-0.172221
k2=0.0260471

[STEREO]
BaseLine=120.174
CV_2K=0.00835515
CV_FHD=0.00835515
CV_HD=0.00835515
CV_VGA=0.00835515
RX_2K=-0.0122521
RX_FHD=-0.0122521
RX_HD=-0.0122521
RX_VGA=-0.0122521
RZ_2K=-0.000219963
RZ_FHD=-0.000219963
RZ_HD=-0.000219963
RZ_VGA=-0.000219963
