[LEFT_CAM_2K]
cx = 1205.62
cy = 678.655
fx = 1400.11
fy = 1400.11
k1 = -0.17478
k2 = 0.0295051

[LEFT_CAM_FHD]
cx = 1061.62
cy = 597.655
fx = 1400.11
fy = 1400.11
k1 = -0.17478
k2 = 0.0295051

[LEFT_CAM_HD]
cx = 689.31
cy = 387.327
fx = 700.056
fy = 700.056
k1 = -0.17478
k2 = 0.0295051

[LEFT_CAM_VGA]
cx = 359.655
cy = 200.664
fx = 350.028
fy = 350.028
k1 = -0.17478
k2 = 0.0295051

[RIGHT_CAM_2K]
cx = 1164.57
cy = 675.749
fx = 1399.83
fy = 1399.83
k1 = -0.174986
k2 = 0.0286431

[RIGHT_CAM_FHD]
cx = 1020.57
cy = 594.749
fx = 1399.83
fy = 1399.83
k1 = -0.174986
k2 = 0.0286431

[RIGHT_CAM_HD]
cx = 668.787
cy = 385.875
fx = 699.916
fy = 699.916
k1 = -0.174986
k2 = 0.0286431

[RIGHT_CAM_VGA]
cx = 349.393
cy = 199.937
fx = 349.958
fy = 349.958
k1 = -0.174986
k2 = 0.0286431

[STEREO]
BaseLine = 119.918
CV_2K = 0.0145698
CV_FHD = 0.0145698
CV_HD = 0.0145698
CV_VGA = 0.0145698
RX_2K = -0.00521006
RX_FHD = -0.00521006
RX_HD = -0.00521006
RX_VGA = -0.00521006
RZ_2K = -0.00121369
RZ_FHD = -0.00121369
RZ_HD = -0.00121369
RZ_VGA = -0.00121369
