[LEFT_CAM_2K]
cx=1200.61
cy=684.457
fx=1399.97
fy=1399.97
k1=-0.174011
k2=0.027348

[LEFT_CAM_FHD]
cx=1056.61
cy=603.457
fx=1399.97
fy=1399.97
k1=-0.174011
k2=0.027348

[LEFT_CAM_HD]
cx=686.806
cy=390.228
fx=699.983
fy=699.983
k1=-0.174011
k2=0.027348

[LEFT_CAM_VGA]
cx=358.403
cy=202.114
fx=349.992
fy=349.992
k1=-0.174011
k2=0.027348

[RIGHT_CAM_2K]
cx=1175.84
cy=680.31
fx=1399.93
fy=1399.93
k1=-0.173316
k2=0.0270593

[RIGHT_CAM_FHD]
cx=1031.84
cy=599.31
fx=1399.93
fy=1399.93
k1=-0.173316
k2=0.0270593

[RIGHT_CAM_HD]
cx=674.419
cy=388.155
fx=699.964
fy=699.964
k1=-0.173316
k2=0.0270593

[RIGHT_CAM_VGA]
cx=352.21
cy=201.078
fx=349.982
fy=349.982
k1=-0.173316
k2=0.0270593

[STEREO]
BaseLine=119.95
CV_2K=0.00278053
CV_FHD=0.00278053
CV_HD=0.00278053
CV_VGA=0.00278053
RX_2K=-0.000768198
RX_FHD=-0.000768198
RX_HD=-0.000768198
RX_VGA=-0.000768198
RZ_2K=-0.0075317
RZ_FHD=-0.0075317
RZ_HD=-0.0075317
RZ_VGA=-0.0075317
