[LEFT_CAM_2K]
fx=1401.1
fy=1401.1
cx=1121.7
cy=642.944
k1=-0.175
k2=0.0272729

[RIGHT_CAM_2K]
fx=1400.3
fy=1400.3
cx=1096.16
cy=620.245
k1=-0.175733
k2=0.0279604

[STEREO]
CV_2K=-0.000516031
RX_2K=0.00135785
RZ_2K=-0.000964066
BaseLine=119.949
CV_FHD=-0.000516031
RX_FHD=0.00135785
RZ_FHD=-0.000964066
CV_HD=-0.000516031
RX_HD=0.00135785
RZ_HD=-0.000964066
CV_VGA=-0.000516031
RX_VGA=0.00135785
RZ_VGA=-0.000964066

[LEFT_CAM_FHD]
fx=1401.1
fy=1401.1
cx=977.701
cy=561.944
k1=-0.175
k2=0.0272729

[RIGHT_CAM_FHD]
fx=1400.3
fy=1400.3
cx=952.156
cy=539.245
k1=-0.175733
k2=0.0279604

[LEFT_CAM_HD]
fx=700.548
fy=700.548
cx=647.35
cy=369.472
k1=-0.175
k2=0.0272729

[RIGHT_CAM_HD]
fx=700.15
fy=700.15
cx=634.578
cy=358.123
k1=-0.175733
k2=0.0279604

[LEFT_CAM_VGA]
fx=350.274
fy=350.274
cx=338.675
cy=191.736
k1=-0.175
k2=0.0272729

[RIGHT_CAM_VGA]
fx=350.075
fy=350.075
cx=332.289
cy=186.061
k1=-0.175733
k2=0.0279604
